<?xml version="1.0" encoding="UTF-8" standalone="no"?>
<!DOCTYPE svg PUBLIC "-//W3C//DTD SVG 20010904//EN"
              "http://www.w3.org/TR/2001/REC-SVG-20010904/DTD/svg10.dtd">

<svg xmlns="http://www.w3.org/2000/svg"
     width="7.63889in" height="11.1111in"
     viewBox="0 0 550 800">
  <path id="Unnamed"
        fill="none" stroke="black" stroke-width="1"
        d="M 214.34,636.07
           C 214.34,636.07 187.19,590.50 187.19,590.50
             187.19,590.50 147.41,534.62 147.41,534.62
             147.41,534.62 127.92,507.47 127.92,507.47
             127.92,507.47 138.64,476.88 138.64,476.88
             138.64,476.88 131.07,445.21 131.07,445.21
             131.07,445.21 112.22,424.06 112.22,424.06
             112.22,424.06 125.11,399.34 125.11,399.34
             125.11,399.34 110.12,346.64 111.02,346.64
             111.91,346.64 92.13,302.02 90.80,302.02
             89.47,302.02 70.25,276.74 70.25,275.47
             70.25,274.20 61.05,201.88 61.05,201.88
             61.05,201.88 64.15,171.06 64.15,171.06
             64.15,171.06 78.21,147.65 78.21,147.65
             78.21,147.65 89.93,125.42 89.93,125.42
             89.93,125.42 121.25,100.20 121.25,100.20
             121.25,100.20 146.04,79.40 146.04,79.40
             146.04,79.40 169.95,53.00 169.95,53.00
             169.95,53.00 206.64,57.92 206.64,57.92
             206.64,57.92 250.44,109.72 250.44,109.72
             250.44,109.72 274.97,151.79 274.97,151.79
             274.97,151.79 296.07,192.57 296.07,192.57
             296.07,192.57 325.64,238.42 325.64,238.42
             325.64,238.42 338.83,288.56 338.83,288.56
             338.83,288.56 367.98,330.05 367.98,330.05
             367.98,330.05 402.75,390.76 402.75,390.76
             402.75,390.76 428.31,435.45 428.31,435.45
             428.31,435.45 455.18,495.37 455.18,495.37
             455.18,495.37 478.44,528.11 478.44,528.11
             478.44,528.11 497.22,564.21 497.22,564.21
             497.22,564.21 513.08,646.84 513.08,646.84
             513.08,646.84 527.14,701.17 527.14,701.17
             527.14,701.17 526.27,744.19 526.27,744.19
             526.27,744.19 466.23,737.86 466.23,737.86
             466.23,737.86 402.70,727.29 402.70,727.29
             402.70,727.29 339.92,698.72 339.92,698.72
             339.92,698.72 291.42,678.53 291.42,679.29
             291.42,680.05 262.43,652.91 262.43,652.91
             262.43,652.91 226.03,670.39 226.03,670.39
             226.03,670.39 209.28,645.70 211.16,645.70" />
</svg>
